category	GF vs SPF (Young)	GF vs SPF (Old)	term	ontology
GO:0098796	NA	0.00328996355422594	membrane protein complex	CC
GO:0004984	NA	0.00328996355422594	olfactory receptor activity	MF
